0S,0C
0 0
20976 1
20986 1
-41962 -2
20973 1
-20973 -1
20942 1
20973 1
20978 1
-62893 -3
24431 1
-24431 -1
20882 1
20912 1
24126 1
-65920 -3
2161 1
2161 1
2162 1
-6484 -3
20462 1
23298 1
20258 1
8296 1
20458 1
20478 1
23338 1
-136588 -7
20487 1
23280 1
20489 1
20500 1
20489 1
20492 1
20489 1
20490 1
-166716 -8
20496 1
20498 1
20484 1
20484 1
20488 1
20506 1
20481 1
20504 1
20488 1
20501 1
20502 1
-225432 -11
20498 1
-20498 -1
20497 1
20498 1
20485 1
20487 1
20494 1
20496 1
-122957 -6
20481 1
20505 1
20486 1
20502 1
20480 1
20506 1
23282 1
-146242 -7
23278 1
-23278 -1
23285 1
-23285 -1
20498 1
20515 1
20514 1
20512 1
20510 1
20508 1
-123057 -6
7086 1
20495 1
20498 1
20491 1
20485 1
20491 1
-109546 -6
6427 1
7110 1
20496 1
20488 1
20488 1
20495 1
20486 1
20483 1
20483 1
20486 1
-177442 -10
23291 1
-23291 -1
23292 1
-23292 -1
20490 1
20496 1
20499 1
20506 1
20511 1
20506 1
20508 1
-143516 -7
3122 1
-3122 -1
24749 1
-24749 -1
11439 1
-11439 -1
2819 1
3019 1
-5838 -2
20495 1
20485 1
20480 1
20493 1
20493 1
20489 1
20479 1
20494 1
20482 1
20480 1
20494 1
20510 1
20503 1
20496 1
20510 1
-307383 -15
9416 1
30808 1
-40224 -2
8108 1
-8108 -1
12028 1
-12028 -1
23423 1
-23423 -1
79323 1
-79323 -1
15443 1
-15443 -1
20437 1
-20437 -1
19901 1
-19901 -1
5485 1
20491 1
-25976 -2
24468 1
-24468 -1
5013 1
-5013 -1
16136 1
-16136 -1
23680 1
-23680 -1
23297 1
-23297 -1
23290 1
-23290 -1
20486 1
20496 1
23306 1
-64288 -3
20457 1
23433 1
20486 1
23220 1
-87596 -4
20490 1
-20490 -1
3049 1
-3049 -1
20482 1
-20482 -1
20463 1
23228 1
29728 1
-73419 -3
9237 1
-9237 -1
23822 1
-23822 -1
20452 1
20448 1
23647 1
-64547 -3
24864 1
-24864 -1
20462 1
23571 1
28390 1
-72423 -3
4759 1
20493 1
20454 1
23604 1
-69310 -4
21884 1
-21884 -1
20456 1
20457 1
20471 1
23650 1
-85034 -4
2864 1
-2864 -1
20449 1
20460 1
24043 1
2178 1
-67130 -4
119515 1
-119515 -1
3847 1
-3847 -1
16441 1
-16441 -1
15770 1
-15770 -1
18488 1
-18488 -1
3481 1
-3481 -1
8489 1
-8489 -1
3743 1
3580 1
-7323 -2
20453 1
20462 1
23628 1
-64543 -3
2813 1
-2813 -1
28779 1
-28779 -1
1922 1
-1922 -1
20456 1
23624 1
-44080 -2
33155 1
-33155 -1
20470 1
20463 1
20473 1
20469 1
20470 1
20469 1
20468 1
20469 1
20464 1
-184215 -9
24790 1
-24790 -1
3693 1
-3693 -1
20446 1
23580 1
-44026 -2
5484 1
-5484 -1
12609 1
-12609 -1
8586 1
-8586 -1
20485 1
-20485 -1
20499 1
-20499 -1
20448 1
20440 1
20456 1
20473 1
24056 1
20457 1
20478 1
20461 1
20470 1
20458 1
20466 1
20460 1
20463 1
24492 1
-294078 -14
20458 1
20478 1
20454 1
20475 1
20459 1
20471 1
20459 1
20467 1
24491 1
-188212 -9
20448 1
23274 1
15952 1
-59674 -3
20461 1
20471 1
20456 1
20473 1
20458 1
20468 1
20457 1
20471 1
20454 1
20475 1
24899 1
-229543 -11
20455 1
20470 1
20455 1
20467 1
20462 1
20476 1
20459 1
20471 1
20452 1
20469 1
24901 1
-229537 -11
20451 1
20447 1
23592 1
2787 1
20334 1
-87611 -5
4903 1
11461 1
-16364 -2
33574 1
20455 1
-54029 -2
2707 1
-2707 -1
2508 1
-2508 -1
236044 1
2746 1
-238790 -2
27676 1
-27676 -1
23641 1
-23641 -1
20282 1
-20282 -1
2887 1
8693 1
-11580 -2
22265 1
-22265 -1
23146 1
-23146 -1
23247 1
23228 1
-46475 -2
23235 1
-23235 -1
5470 1
-5470 -1
23237 1
-23237 -1
20462 1
23346 1
-43808 -2
25860 1
-25860 -1
9169 1
-9169 -1
20454 1
23237 1
-43691 -2
20023 1
-20023 -1
920 1
15950 1
-16870 -2
23198 1
168437 1
20489 1
23208 1
-235332 -4
12969 1
-12969 -1
226658 1
2792 1
-229450 -2
3399 1
3116 1
15880 1
-22395 -3
39852 1
5587 1
-45439 -2
2756 1
-2756 -1
920 1
-920 -1
2671 1
-2671 -1
23197 1
-23197 -1
20495 1
20496 1
-40991 -2
20451 1
24497 1
-44948 -2
23859 1
-23859 -1
2804 1
-2804 -1
20464 1
23879 1
-44343 -2
20461 1
20471 1
23701 1
-64633 -3
20474 1
20476 1
20453 1
20446 1
20443 1
20451 1
20466 1
20445 1
20465 1
20455 1
20457 1
20456 1
20461 1
20461 1
20471 1
20459 1
20454 1
20471 1
20458 1
20451 1
20455 1
20450 1
20451 1
20447 1
20463 1
29152 1
29081 1
-569672 -27
40625 1
20263 1
-60888 -2
20451 1
20448 1
23601 1
-64500 -3
920 1
2929 1
-3849 -2
20446 1
23150 1
-43596 -2
20941 1
-20941 -1
20478 1
23249 1
20458 1
23135 1
23141 1
-110461 -5
20567 1
-20567 -1
20467 1
20460 1
24399 1
24295 1
20322 1
-109943 -5
23571 1
-23571 -1
20503 1
-20503 -1
20483 1
-20483 -1
20404 1
-20404 -1
20457 1
20468 1
20461 1
23762 1
-85148 -4
920 1
-920 -1
20462 1
23558 1
-44020 -2
20457 1
23563 1
20444 1
23180 1
-87644 -4
20440 1
20471 1
24051 1
5107 1
-70069 -4
20497 1
20507 1
20489 1
20507 1
20494 1
20508 1
20507 1
20510 1
20510 1
20503 1
20508 1
20511 1
-246051 -12
20476 1
20459 1
23641 1
20473 1
20456 1
23641 1
-129146 -6
2550 1
20491 1
20506 1
20488 1
20510 1
-84545 -5
20446 1
23166 1
-43612 -2
20467 1
20459 1
24257 1
-65183 -3
20485 1
20456 1
20470 1
20445 1
24540 1
-106396 -5
